# hp6633 V20160217
# 
# Start: Mon Jan  9 14:06:40 2017
# min	Volt	Ampere
0.0019	0.0520	-0.0005
0.0054	0.1100	-0.0005
0.0083	0.1530	-0.0005
0.0129	0.2110	-0.0005
0.0158	0.2400	-0.0005
0.0188	0.2980	-0.0005
0.0217	0.3560	-0.0005
0.0253	0.4000	-0.0005
0.0283	0.4580	-0.0005
0.0320	0.5010	-0.0005
0.0349	0.5450	-0.0005
0.0386	0.6030	-0.0005
0.0416	0.6470	0.0001
0.0454	0.7050	0.0007
0.0483	0.7630	0.0019
0.0520	0.8060	0.0019
0.0550	0.8500	0.0030
0.0587	0.9080	0.0036
0.0616	0.9510	0.0048
0.0653	1.0090	0.0059
0.0683	1.0530	0.0065
0.0720	1.1110	0.0071
0.0749	1.1540	0.0083
0.0786	1.2120	0.0088
0.0816	1.2560	0.0100
0.0853	1.3000	0.0112
0.0882	1.3430	0.0152
0.0919	1.4010	0.0297
0.0949	1.4590	0.0814
0.0985	1.5030	0.2039
0.1015	1.5610	0.3479
0.1052	1.6040	0.3717
0.1082	1.6480	0.3821
0.1118	1.7060	0.3920
0.1148	1.7490	0.3978
0.1185	1.8070	0.4065
0.1215	1.8510	0.4077
0.1251	1.9090	0.4169
0.1281	1.9530	0.4228
0.1318	2.0110	0.4309
0.1348	2.0540	0.4361
0.1384	2.0980	0.4402
0.1414	2.1560	0.4454
0.1450	2.1990	0.4529
0.1480	2.2570	0.4576
0.1517	2.3150	0.4640
0.1547	2.3440	0.4657
0.1583	2.4020	0.4727
0.1613	2.4460	0.4773
0.1650	2.5040	0.4831
0.1680	2.5620	0.4872
0.1716	2.6060	0.4930
0.1746	2.6490	0.4947
0.1783	2.7070	0.5011
0.1812	2.7510	0.5046
0.1849	2.8090	0.5104
0.1879	2.8520	0.5139
0.1916	2.8960	0.5174
0.1945	2.9540	0.5214
0.1982	2.9970	0.5267
0.2012	3.0560	0.5307
0.2048	3.1140	0.5360
0.2078	3.1430	0.5377
0.2115	3.2010	0.5429
0.2145	3.2440	0.5470
0.2181	3.3020	0.5516
0.2211	3.3600	0.5551
0.2247	3.4040	0.5603
0.2277	3.4470	0.5621
0.2314	3.5050	0.5673
0.2344	3.5490	0.5708
0.2380	3.6070	0.5754
0.2410	3.6650	0.5789
0.2447	3.6940	0.5824
0.2477	3.7520	0.5859
0.2513	3.8100	0.5905
0.2546	3.8540	0.5946
0.2580	3.9120	0.5987
0.2609	3.9410	0.6010
0.2646	3.9990	0.6056
0.2676	4.0570	0.6091
0.2712	4.1000	0.6137
0.2742	4.1580	0.6172
0.2779	4.2020	0.6201
0.2809	4.2450	0.6236
0.2845	4.3040	0.6283
0.2875	4.3620	0.6317
0.2912	4.4050	0.6358
0.2942	4.4630	0.6393
0.2978	4.4920	0.6422
0.3008	4.5500	0.6457
0.3045	4.5940	0.6497
0.3074	4.6520	0.6532
0.3111	4.7100	0.6579
0.3141	4.7530	0.6596
0.3177	4.7970	0.6643
0.3207	4.8550	0.6677
0.3244	4.8990	0.6718
0.3274	4.9570	0.6747
0.3310	5.0000	0.6776
0.3340	5.0580	0.6811
0.3377	5.1020	0.6851
0.3406	5.1600	0.6886
0.3443	5.2030	0.6927
0.3476	5.2610	0.6962
0.3510	5.3050	0.6985
0.3540	5.3480	0.7020
0.3576	5.4060	0.7060
0.3606	5.4640	0.7095
0.3642	5.5080	0.7130
0.3672	5.5520	0.7153
0.3709	5.5950	0.7194
0.3739	5.6530	0.7229
0.3775	5.7110	0.7264
0.3805	5.7550	0.7293
0.3842	5.7980	0.7322
0.3871	5.8560	0.7357
0.3908	5.9000	0.7391
0.3938	5.9580	0.7426
0.3974	6.0160	0.7461
0.4004	6.0450	0.7484
0.4041	6.1030	0.7519
0.4071	6.1470	0.7554
0.4107	6.2050	0.7589
0.4137	6.2630	0.7624
0.4174	6.3060	0.7658
0.4204	6.3500	0.7682
0.4240	6.3930	0.7716
0.4270	6.4510	0.7751
0.4307	6.4950	0.7780
0.4336	6.5530	0.7815
0.4373	6.5960	0.7844
0.4403	6.6540	0.7873
0.4439	6.6980	0.7908
0.4469	6.7560	0.7937
0.4506	6.8140	0.7972
0.4536	6.8580	0.7995
0.4572	6.9010	0.8030
0.4602	6.9590	0.8065
0.4639	7.0030	0.8100
0.4668	7.0610	0.8129
0.4705	7.1040	0.8163
0.4735	7.1480	0.8181
0.4771	7.2060	0.8216
0.4801	7.2490	0.8245
0.4838	7.3080	0.8280
0.4868	7.3660	0.8309
0.4904	7.3950	0.8332
0.4934	7.4530	0.8367
0.4971	7.4960	0.8396
0.5001	7.5540	0.8425
0.5037	7.6120	0.8460
0.5067	7.6560	0.8483
0.5103	7.6990	0.8512
0.5133	7.7570	0.8541
0.5170	7.8010	0.8576
0.5200	7.8590	0.8605
0.5236	7.9030	0.8628
0.5266	7.9460	0.8657
0.5303	8.0040	0.8692
0.5333	8.0620	0.8721
0.5369	8.1060	0.8750
0.5399	8.1640	0.8779
0.5436	8.1930	0.8802
0.5466	8.2510	0.8837
0.5502	8.3090	0.8866
0.5532	8.3520	0.8895
0.5568	8.4100	0.8924
0.5598	8.4540	0.8947
0.5635	8.4970	0.8976
0.5665	8.5560	0.9005
0.5701	8.5990	0.9040
0.5731	8.6570	0.9069
0.5768	8.7010	0.9087
0.5798	8.7590	0.9116
0.5834	8.8020	0.9145
0.5864	8.8600	0.9174
0.5900	8.9040	0.9208
0.5930	8.9620	0.9237
0.5967	9.0050	0.9255
0.5997	9.0490	0.9284
0.6033	9.1070	0.9319
0.6063	9.1510	0.9342
0.6100	9.2090	0.9377
0.6130	9.2520	0.9394
0.6166	9.2960	0.9423
0.6196	9.3540	0.9452
0.6233	9.4120	0.9481
0.6262	9.4550	0.9510
0.6299	9.4990	0.9528
0.6329	9.5420	0.9557
0.6365	9.6000	0.9586
0.6395	9.6580	0.9615
0.6432	9.7020	0.9644
0.6462	9.7460	0.9661
0.6498	9.8040	0.9690
0.6528	9.8470	0.9719
0.6565	9.9050	0.9748
0.6595	9.9630	0.9777
0.6631	10.0070	0.9806
0.6662	10.0500	0.9824
0.6698	10.1080	0.9853
0.6728	10.1520	0.9882
0.6765	10.2100	0.9905
0.6795	10.2680	0.9934
0.6836	10.2970	0.9957
0.6866	10.3550	0.9981
0.6897	10.3990	1.0010
0.6927	10.4570	1.0039
0.6964	10.5000	1.0062
0.6994	10.5440	1.0085
0.7030	10.6020	1.0114
0.7060	10.6600	1.0137
0.7096	10.7030	1.0166
0.7126	10.7610	1.0190
0.7163	10.8050	1.0219
0.7193	10.8480	1.0236
0.7229	10.9060	1.0265
0.7259	10.9500	1.0294
0.7296	11.0080	1.0317
0.7326	11.0520	1.0346
0.7362	11.0950	1.0364
0.7392	11.1530	1.0393
0.7429	11.1970	1.0422
0.7459	11.2550	1.0445
0.7495	11.3130	1.0468
0.7525	11.3420	1.0491
0.7561	11.4000	1.0515
0.7591	11.4430	1.0544
0.7628	11.5010	1.0567
0.7658	11.5600	1.0596
0.7694	11.6030	1.0613
0.7724	11.6470	1.0637
0.7761	11.7050	1.0666
0.7791	11.7480	1.0695
0.7827	11.8060	1.0718
0.7857	11.8500	1.0741
0.7893	11.8930	1.0764
0.7923	11.9510	1.0787
0.7960	12.0090	1.0817
0.7990	12.0530	1.0840
0.8026	12.1110	1.0863
0.8057	12.1400	1.0886
0.8093	12.1980	1.0909
0.8123	12.2560	1.0933
0.8159	12.3000	1.0962
0.8189	12.3580	1.0985
0.8225	12.4010	1.1002
0.8255	12.4450	1.1031
0.8292	12.5030	1.1055
0.8322	12.5460	1.1078
0.8358	12.6040	1.1107
0.8389	12.6620	1.1130
0.8425	12.7060	1.1147
0.8455	12.7490	1.1176
0.8491	12.8080	1.1200
0.8521	12.8510	1.1223
0.8558	12.9090	1.1246
0.8588	12.9530	1.1269
0.8624	12.9960	1.1293
0.8654	13.0540	1.1316
0.8690	13.1120	1.1345
0.8721	13.1560	1.1368
0.8757	13.1990	1.1385
0.8787	13.2430	1.1409
0.8823	13.3010	1.1438
0.8853	13.3590	1.1467
0.8890	13.4030	1.1484
0.8920	13.4610	1.1513
0.8956	13.4900	1.1536
0.8986	13.5480	1.1565
0.9022	13.6060	1.1594
0.9053	13.6490	1.1623
0.9089	13.7070	1.1652
0.9119	13.7510	1.1676
0.9155	13.7940	1.1711
0.9185	13.8520	1.1740
0.9222	13.8960	0.0233
0.9252	13.9540	0.0228
0.9288	13.9830	0.0228
0.9318	14.0410	0.0228
0.9353	14.0990	0.0228
0.9383	14.1430	0.0228
0.9419	14.2010	0.0233
0.9449	14.2300	0.0233
0.9487	14.2880	0.0233
0.9517	14.3460	0.0233
0.9552	14.3890	0.0233
0.9582	14.4470	0.0233
0.9619	14.5050	0.0239
0.9649	14.5340	0.0239
0.9686	14.5930	0.0239
0.9716	14.6360	0.0239
0.9752	14.6940	0.0239
0.9782	14.7520	0.0245
0.9819	14.7960	0.0245
0.9849	14.8390	0.0245
0.9884	14.8970	0.0245
0.9914	14.9410	0.0245
0.9951	14.9990	0.0245
0.9981	15.0420	0.0245
1.0017	15.0860	0.0251
1.0047	15.1440	0.0251
1.0085	15.1880	0.0251
1.0115	15.2460	0.0251
1.0150	15.3040	0.0251
1.0185	15.3330	0.0251
1.0216	15.3910	0.0257
1.0246	15.4490	0.0257
1.0284	15.4920	0.0257
1.0314	15.5500	0.0257
1.0349	15.5790	0.0262
1.0379	15.6370	0.0262
1.0417	15.6950	0.0262
1.0447	15.7390	0.0262
1.0482	15.7970	0.0262
1.0512	15.8410	0.0262
1.0549	15.8990	0.0268
1.0579	15.9420	0.0268
1.0616	16.0000	0.0268


1.0646	15.9420	0.0268
1.0678	15.8990	0.0262
1.0708	15.8410	0.0262
1.0747	15.7970	0.0262
1.0777	15.7390	0.0262
1.0815	15.6950	0.0262
1.0844	15.6370	0.0262
1.0882	15.5790	0.0257
1.0912	15.5500	0.0257
1.0951	15.4920	0.0257
1.0981	15.4490	0.0257
1.1019	15.3910	0.0257
1.1049	15.3330	0.0251
1.1088	15.3040	0.0251
1.1118	15.2460	0.0251
1.1156	15.1880	0.0251
1.1185	15.1440	0.0251
1.1223	15.0860	0.0251
1.1253	15.0420	0.0245
1.1292	14.9990	0.0245
1.1322	14.9410	0.0245
1.1360	14.8970	0.0245
1.1390	14.8390	0.0245
1.1428	14.7960	0.0245
1.1458	14.7520	0.0245
1.1496	14.6940	0.0239
1.1525	14.6360	0.0239
1.1565	14.5930	0.0239
1.1595	14.5340	0.0239
1.1632	14.5050	0.0239
1.1662	14.4470	0.0233
1.1701	14.3890	0.0233
1.1731	14.3460	0.0233
1.1769	14.2880	0.0233
1.1799	14.2300	0.0233
1.1837	14.2010	0.0233
1.1869	14.1430	0.0228
1.1907	14.0990	0.0228
1.1937	14.0410	0.0228
1.1975	13.9830	0.0228
1.2005	13.9540	0.0228
1.2043	13.8960	0.0297
1.2073	13.8520	1.1838
1.2112	13.7940	1.1780
1.2142	13.7510	1.1740
1.2181	13.7070	1.1699
1.2212	13.6490	1.1670
1.2251	13.6060	1.1635
1.2281	13.5480	1.1600
1.2320	13.4900	1.1571
1.2350	13.4610	1.1548
1.2390	13.4030	1.1519
1.2420	13.3590	1.1490
1.2459	13.3010	1.1467
1.2489	13.2430	1.1438
1.2529	13.1990	1.1414
1.2559	13.1560	1.1391
1.2598	13.1120	1.1368
1.2628	13.0540	1.1345
1.2668	12.9960	1.1316
1.2698	12.9530	1.1287
1.2737	12.9090	1.1269
1.2767	12.8510	1.1240
1.2806	12.8080	1.1217
1.2836	12.7490	1.1188
1.2876	12.7060	1.1165
1.2906	12.6620	1.1147
1.2945	12.6040	1.1118
1.2975	12.5460	1.1095
1.3014	12.5030	1.1072
1.3045	12.4450	1.1043
1.3084	12.4010	1.1020
1.3114	12.3580	1.1002
1.3153	12.3000	1.0973
1.3183	12.2560	1.0950
1.3223	12.1980	1.0921
1.3253	12.1400	1.0898
1.3292	12.1110	1.0875
1.3322	12.0530	1.0851
1.3361	12.0090	1.0822
1.3392	11.9510	1.0799
1.3431	11.8930	1.0770
1.3461	11.8500	1.0753
1.3500	11.8060	1.0724
1.3539	11.7480	1.0700
1.3570	11.7050	1.0671
1.3600	11.6470	1.0648
1.3637	11.6030	1.0619
1.3667	11.5600	1.0602
1.3703	11.5010	1.0573
1.3733	11.4430	1.0544
1.3769	11.4000	1.0520
1.3800	11.3420	1.0491
1.3836	11.3130	1.0474
1.3866	11.2550	1.0445
1.3902	11.1970	1.0422
1.3932	11.1530	1.0393
1.3969	11.0950	1.0364
1.3999	11.0520	1.0346
1.4035	11.0080	1.0317
1.4065	10.9500	1.0288
1.4102	10.9060	1.0265
1.4132	10.8480	1.0236
1.4168	10.8050	1.0213
1.4198	10.7610	1.0190
1.4234	10.7030	1.0161
1.4265	10.6600	1.0137
1.4301	10.6020	1.0108
1.4331	10.5440	1.0079
1.4367	10.5000	1.0062
1.4397	10.4570	1.0033
1.4434	10.3990	1.0004
1.4464	10.3550	0.9981
1.4500	10.2970	0.9952
1.4530	10.2680	0.9928
1.4566	10.2100	0.9899
1.4596	10.1520	0.9876
1.4633	10.1080	0.9847
1.4663	10.0500	0.9818
1.4699	10.0070	0.9795
1.4729	9.9630	0.9766
1.4765	9.9050	0.9737
1.4795	9.8470	0.9708
1.4832	9.8040	0.9684
1.4862	9.7460	0.9655
1.4898	9.7020	0.9632
1.4928	9.6580	0.9603
1.4965	9.6000	0.9574
1.4994	9.5420	0.9551
1.5031	9.4990	0.9516
1.5061	9.4550	0.9499
1.5097	9.4120	0.9470
1.5127	9.3540	0.9441
1.5164	9.2960	0.9412
1.5194	9.2520	0.9383
1.5230	9.2090	0.9359
1.5260	9.1510	0.9330
1.5297	9.1070	0.9301
1.5326	9.0490	0.9272
1.5363	9.0050	0.9243
1.5393	8.9620	0.9220
1.5430	8.9040	0.9191
1.5460	8.8600	0.9162
1.5496	8.8020	0.9133
1.5526	8.7590	0.9104
1.5562	8.7010	0.9069
1.5592	8.6570	0.9052
1.5629	8.5990	0.9023
1.5659	8.5560	0.8994
1.5695	8.4970	0.8959
1.5725	8.4540	0.8930
1.5762	8.4100	0.8907
1.5792	8.3520	0.8878
1.5828	8.3090	0.8849
1.5858	8.2510	0.8819
1.5894	8.1930	0.8785
1.5925	8.1640	0.8767
1.5961	8.1060	0.8732
1.5991	8.0620	0.8703
1.6027	8.0040	0.8669
1.6057	7.9460	0.8640
1.6094	7.9030	0.8611
1.6124	7.8590	0.8587
1.6160	7.8010	0.8552
1.6190	7.7570	0.8523
1.6227	7.6990	0.8494
1.6256	7.6560	0.8460
1.6293	7.6120	0.8436
1.6323	7.5540	0.8407
1.6359	7.4960	0.8372
1.6389	7.4530	0.8343
1.6426	7.3950	0.8309
# Stop: Mon Jan  9 14:08:19 2017

